21
1 -1.19630864206 1.73774441609 1 0
10 1.58182526915 0.19403144513 1 0
11 -1.75404123466 -1.14236025065 1 0
12 -0.926897937444 -1.78651832662 1 0
13 -1.74821698009 -0.99790229855 1 0
14 -0.185293842762 -1.68318001442 1 0
15 -1.72641896826 -0.0627151698717 1 0
16 1.26972143549 -1.6783828295 1 0
17 1.74874811432 -1.02741779832 1 0
18 0.710856089146 -1.75619085231 1 0
19 1.2107039968 -1.19096734293 1 0
2 -1.69023896143 1.19557461957 1 0
20 1.58819512111 -0.251648379693 1 0
21 -0.00137482485137 0.0481264828134 1 0
3 -0.444951940707 1.77285736673 1 0
4 -0.953525178992 1.45362727212 1 0
5 -1.32355267973 0.593105899671 1 0
6 1.27276699741 1.67303785928 1 0
7 1.74676500868 0.973918826538 1 0
8 0.641410229423 1.77775907425 1 0
9 1.00977079321 1.20942686883 1 0
