21
1 -1.69499005384 2.0 1 0
10 0.97305288429 0.441301700286 1 0
11 -1.87195870938 -1.42771634353 1 0
12 -0.905830269013 -1.88615348189 1 0
13 -1.55669390711 -0.919733360426 1 0
14 -0.61297768784 -1.40402023897 1 0
15 -1.37965802691 -0.391932781303 1 0
16 1.65523500897 -2.0 1 0
17 2.0 -1.58209524631 1 0
18 0.591229915717 -1.84310742391 1 0
19 1.03933998996 -1.12345747152 1 0
2 -2.0 1.57625654122 1 0
20 0.990149412344 -0.482728576865 1 0
21 -0.103558161452 -0.00234284046866 1 0
3 -0.643977204485 1.83064323784 1 0
4 -0.979471159617 1.11575496512 1 0
5 -1.09678116731 0.485859656003 1 0
6 1.74197854183 1.93428728327 1 0
7 2.0 1.49915227291 1 0
8 0.680399051132 1.80429188796 1 0
9 0.941815438252 1.07619086653 1 0
