20
1 -1.76393377873 1.76392963548 1 0
1 1.07145507709 -1.91582401532 1 0
1 1.76393123464 -1.76393238751 1 0
1 1.91582406603 -1.07145476967 1 0
1 1.92495136083 -0.0112015291858 1 0
1 1.92494400191 0.0112050937859 1 0
1 1.9158240764 1.07145458145 1 0
1 1.76393298361 1.76393129052 1 0
1 1.0714543017 1.91582411417 1 0
1 0.0112011496144 1.92495134559 1 0
1 -0.0112052767932 1.92494425083 1 0
1 -1.91582403128 1.07145508142 1 0
1 -1.07145498257 1.91582403484 1 0
1 -1.92495142681 0.0112016267633 1 0
1 -1.92494305685 -0.0112054639938 1 0
1 -1.91582408042 -1.07145464537 1 0
1 -1.76393427373 -1.76392999858 1 0
1 -1.07145429862 -1.91582410017 1 0
1 -0.0112010424478 -1.92495136406 1 0
1 0.0112054477243 -1.92494390281 1 0
