89
1 1.32836619703 1.62592709433 1 0
1 1.57175498692 1.68134756108 1 0
1 1.65761589183 1.88022665472 1 0
1 1.54650224451 2.0 1 0
1 1.3997697633 1.86612125233 1 0
1 1.38590894229 1.56886857971 1 0
1 1.23212705086 1.39046001462 1 0
10 0.237085239444 -1.4503038001 1 0
10 0.413727506746 -1.2519801919 1 0
10 0.589367471514 -1.62893243344 1 0
10 0.513433048601 -1.85750050215 1 0
10 0.329710213064 -2.0 1 0
10 0.133775136301 -1.99412790218 1 0
10 0.0298935540015 -1.64465911729 1 0
11 -0.33281277576 -1.59665375414 1 0
11 -0.468208502866 -1.33462784093 1 0
11 -0.528566563192 -1.01625030656 1 0
11 -0.32312420324 -0.931751957873 1 0
11 -0.0815584064649 -0.881449452895 1 0
11 -0.0674173125481 -1.20108728739 1 0
11 -0.0648988824514 -1.5135971336 1 0
11 -0.115725102545 -1.78207870496 1 0
11 -0.253832597476 -1.79128820134 1 0
12 -1.90400148195 -0.713011594676 1 0
12 -0.821317292066 -0.862954488626 1 0
12 -0.994368530154 -0.598150038156 1 0
12 -1.1606420833 -0.328433751045 1 0
12 -1.39528263357 -0.401019540448 1 0
12 -1.58449497059 -0.469338063749 1 0
12 -1.75933006076 -0.565695649194 1 0
12 -2.0 -0.921698628529 1 0
12 -1.94139230818 -1.1855418378 1 0
12 -1.79196381588 -1.41295520603 1 0
12 -1.60541766249 -1.56125431336 1 0
12 -1.41492988994 -1.54206773177 1 0
12 -1.24922539357 -1.43961913304 1 0
12 -1.10670715715 -1.28065115535 1 0
12 -0.975984380442 -1.09502410595 1 0
13 -1.02748874947 0.348913704535 1 0
13 -1.14974154936 0.0788941155705 1 0
13 -0.899138129882 0.619585467671 1 0
13 -1.09137083016 0.855669452339 1 0
13 -1.26246617518 1.01647024996 1 0
13 -1.44673956014 1.05909978511 1 0
13 -1.58147884843 0.8721933772 1 0
13 -1.65203009616 0.626844324332 1 0
13 -1.54814031158 0.408329150362 1 0
13 -1.37331150404 0.243349411865 1 0
14 -0.159104547448 0.63803647268 1 0
14 0.0655218024376 0.613860563764 1 0
14 -0.0531088917248 0.887370856501 1 0
14 -0.306080360991 1.05128559956 1 0
14 -0.553960321693 0.99223190905 1 0
14 -0.619535243706 0.754194943587 1 0
14 -0.36912745761 0.68106518499 1 0
15 -0.41684873126 1.62102118868 1 0
15 -0.389201181279 1.43290992523 1 0
16 -0.58418624586 1.98538549442 1 0
16 -0.509145322835 1.82211924215 1 0
16 -0.532084618492 2.0 1 0
2 1.07794979063 1.10138222863 1 0
2 0.985361084664 0.878831835526 1 0
2 1.035424975 1.01057660759 1 0
3 1.24277522653 0.263677411511 1 0
3 0.887089316563 0.463788357564 1 0
4 1.82816351101 -0.0489200651015 1 0
4 1.57658581556 0.075191247614 1 0
4 1.7917194419 0.15501018352 1 0
4 1.91400022896 0.231223208665 1 0
4 2.0 0.0285125153193 1 0
5 1.35271805736 0.424866494846 1 0
5 1.48690290366 0.443631308878 1 0
5 1.53906029527 0.322828370176 1 0
6 1.09090977586 0.460053956151 1 0
7 0.387117885993 0.105565972137 1 0
7 0.441943338893 -0.187186308766 1 0
7 0.534375807597 -0.677082319607 1 0
7 0.63744408152 -0.562040087732 1 0
7 0.481195572531 -0.378095205689 1 0
7 0.572258003397 -0.0505774768489 1 0
7 0.577638984432 0.283233189375 1 0
7 0.330322088805 0.363007545962 1 0
8 0.820956274768 -0.949187879298 1 0
9 0.265674553615 -0.696020407795 1 0
9 0.550767074808 -1.00247478972 1 0
9 0.739230218938 -1.24654194843 1 0
9 0.842464157151 -1.22491121411 1 0
9 0.70623385061 -1.15392736032 1 0
9 0.479339531273 -0.940409696809 1 0
