89
1 1.37490829067 1.56963201005 1 0
1 1.69772921529 1.31309835891 1 0
1 1.66844796297 1.46171651048 1 0
1 1.47492639092 1.5998976199 1 0
1 1.17682504673 1.75997892678 1 0
1 1.54977153868 1.42103421575 1 0
1 1.50660642072 1.37330289791 1 0
10 0.798332686302 -1.51296549103 1 0
10 1.08338463718 -1.42085269512 1 0
10 1.37623885049 -1.66532034594 1 0
10 1.26936340797 -1.75126315194 1 0
10 1.0460844393 -1.76564689457 1 0
10 0.186321213339 -1.75533179733 1 0
10 0.285982416957 -1.64261454202 1 0
11 -0.15813218043 -1.62639537761 1 0
11 -0.400971405221 -1.45487735796 1 0
11 -0.443598509 -1.14569276733 1 0
11 -0.153397759323 -1.04455557035 1 0
11 0.200499245471 -0.998780593821 1 0
11 0.231013520472 -1.32515726808 1 0
11 0.193440476079 -1.59316545914 1 0
11 0.0685588111825 -1.8277522176 1 0
11 0.0184262596405 -1.78974227831 1 0
12 -1.6348272575 -0.43466903931 1 0
12 -0.803921685421 -0.958311882066 1 0
12 -1.03859396518 -0.566559530251 1 0
12 -1.32534634018 -0.156022098634 1 0
12 -1.59175247301 -0.107563867972 1 0
12 -1.77068265316 -0.032655565545 1 0
12 -1.80042101161 -0.0391984073689 1 0
12 -1.81326972512 -1.02396405298 1 0
12 -1.74422576691 -1.09732490394 1 0
12 -1.54321241479 -1.56676979259 1 0
12 -1.36924074518 -1.67662056592 1 0
12 -1.1063507445 -1.79796972055 1 0
12 -1.07462594151 -1.79141436604 1 0
12 -1.06587985258 -1.57346980552 1 0
12 -0.967022618436 -1.28697939665 1 0
13 -1.20979785704 0.575199267583 1 0
13 -1.38122421019 0.248337150717 1 0
13 -1.05422865707 0.913553241572 1 0
13 -1.29981998002 1.20244766321 1 0
13 -1.48663724615 1.37004486655 1 0
13 -1.6416914615 1.3791633375 1 0
13 -1.80581411305 1.1455982162 1 0
13 -1.79090475079 1.04911810946 1 0
13 -1.6234493908 0.547988501321 1 0
13 -1.59095097932 0.344590708544 1 0
14 -0.0797886168045 0.910870092164 1 0
14 0.210186915542 0.860160866226 1 0
14 0.0382905013502 1.23534548299 1 0
14 -0.251115445231 1.42871264544 1 0
14 -0.60381225986 1.3422629393 1 0
14 -0.689947606034 1.06996547043 1 0
14 -0.354104080329 0.974589460691 1 0
15 -0.0827058499097 1.81450999747 1 0
15 -0.187017716284 1.72411083518 1 0
16 -0.965275612403 1.82959004239 1 0
16 -0.416086630824 1.71696274168 1 0
16 -0.580221497825 1.71855020748 1 0
2 1.49793986645 1.21160507609 1 0
2 1.42372985908 1.06603908622 1 0
2 1.47038636588 1.15921525114 1 0
3 1.5541488684 0.274822894589 1 0
3 1.26558276802 0.599007942983 1 0
4 1.7463828176 -0.548690412117 1 0
4 1.7546709835 -0.121123276364 1 0
4 1.85776779898 -0.0193067276049 1 0
4 1.8294796138 0.0376865923061 1 0
4 1.82805458442 -0.10555355426 1 0
5 1.65273287589 0.68809666281 1 0
5 1.76067019567 0.860301499326 1 0
5 1.67203031856 0.457654985789 1 0
6 1.47603535304 0.630858112992 1 0
7 0.691480084826 0.139179286194 1 0
7 0.824888389771 -0.270834092924 1 0
7 1.13033779954 -0.911131130531 1 0
7 1.24500721271 -0.828841730847 1 0
7 0.936494273022 -0.534613463004 1 0
7 0.957415228962 -0.117430408923 1 0
7 0.905811125078 0.35667559492 1 0
7 0.582548547388 0.495879288236 1 0
8 1.72570291738 -1.17535333856 1 0
9 0.708758233398 -0.848324820075 1 0
9 1.26146485884 -1.22764723676 1 0
9 1.58088719493 -1.40445458248 1 0
9 1.70735327137 -1.34457569207 1 0
9 1.53694338472 -1.3432072585 1 0
9 1.1245131194 -1.1572293641 1 0
