80
1 1.93702143294 1.15621431971 1 0
1 1.76699647442 1.06563883189 1 0
1 1.58262361382 0.836640327816 1 0
1 1.83826475615 0.900223616619 1 0
1 2.0 1.00879039137 1 0
10 -0.321777429539 -1.03153522319 1 0
10 -0.358826669121 -0.930443870795 1 0
10 -0.388320232538 -0.561855155652 1 0
10 -0.384199770924 -0.289803930503 1 0
10 -0.334553285239 -0.679414201826 1 0
11 -0.773531076399 0.86976122608 1 0
11 -0.463113587734 0.536556628368 1 0
11 -0.524949495156 0.76048540932 1 0
11 -0.656948138483 1.03175937001 1 0
11 -0.798013941702 1.14392837298 1 0
12 -0.82489381028 -1.05764771119 1 0
12 -0.976399970393 -0.96006846675 1 0
12 -0.960589767654 -0.56308869732 1 0
12 -0.687065580161 -0.496009225185 1 0
12 -0.705108968356 -0.889205586075 1 0
13 -1.126636945 1.20247201112 1 0
13 -1.20517091914 1.68254212766 1 0
13 -1.30501945353 2.0 1 0
13 -1.36144420428 1.94585756897 1 0
13 -1.26091415027 1.60022531815 1 0
14 -1.58217229035 -0.628683134138 1 0
14 -1.70594808881 -0.392284073656 1 0
14 -1.55317572504 -0.157682331243 1 0
14 -1.26369934782 -0.432921797418 1 0
14 -1.39618100646 -0.703135856916 1 0
15 -1.51622285999 1.14041742647 1 0
15 -1.7384588898 1.54058841387 1 0
15 -1.91814225774 1.77402933434 1 0
15 -1.95665212669 1.66153024486 1 0
15 -1.77556928321 1.41180351062 1 0
16 -1.79174429464 0.219277868444 1 0
16 -1.8289920322 0.543639088843 1 0
16 -1.74940325895 0.832370420306 1 0
16 -1.94610920984 0.736958294265 1 0
16 -2.0 0.45546606375 1 0
2 1.83414059684 0.312599483319 1 0
2 1.98920801631 0.0308701110723 1 0
2 1.95001929747 -0.246815372722 1 0
2 1.76892190312 -0.331786055213 1 0
2 1.81084980736 -0.00592373414048 1 0
3 1.19195735274 2.0 1 0
3 1.15599014335 1.72611349124 1 0
3 1.17108193247 1.27132244048 1 0
3 1.24868862267 1.61406111601 1 0
3 1.27699039746 1.91155248285 1 0
4 1.37945357348 -0.812502510667 1 0
4 1.59171293855 -1.14680338219 1 0
4 1.76613334234 -1.14461513648 1 0
4 1.83122768744 -0.946237478316 1 0
4 1.60972624525 -0.629205235518 1 0
5 0.414722102868 1.15749942946 1 0
5 0.46273639483 1.45903513793 1 0
5 0.633105000199 1.5290431188 1 0
5 0.823583804631 1.32990740746 1 0
5 0.627043872679 1.21727496714 1 0
6 1.23107871829 -1.24614895306 1 0
6 1.09651094602 -0.86336693633 1 0
6 0.790935438757 -0.817222780426 1 0
6 0.91754579587 -1.14680819179 1 0
6 1.10605995799 -1.31849209037 1 0
7 0.120630085426 1.20483284315 1 0
7 0.235413504346 0.871551148604 1 0
7 0.0680536780082 0.536136435396 1 0
7 0.0199922962696 0.781203807804 1 0
7 0.0377279100008 1.06866396733 1 0
8 0.0840952458193 -0.193893941647 1 0
8 0.269738875912 -0.48698474027 1 0
8 0.448109825813 -0.700130911516 1 0
8 0.180359929077 -0.305101999523 1 0
8 -0.119086270627 0.11239448511 1 0
9 0.637256060012 -1.66041156712 1 0
9 0.706214261125 -1.9951138135 1 0
9 0.625778699055 -2.0 1 0
9 0.551302506323 -1.66733664871 1 0
9 0.520580320595 -1.27491661846 1 0
