80
1 1.75586756202 1.44841968701 1 0
1 1.71764945608 1.30654227057 1 0
1 1.56311081979 1.02494971841 1 0
1 1.79318724786 1.12655815802 1 0
1 1.87365022663 1.11430051639 1 0
10 -0.786325810311 -1.6373559231 1 0
10 -0.782854579297 -1.55925924004 1 0
10 -0.67801870222 -1.12236097191 1 0
10 -0.606706678135 -0.747983731515 1 0
10 -0.648757498496 -1.26115328648 1 0
11 -0.821693077364 0.836427743889 1 0
11 -0.552831220453 0.426326445762 1 0
11 -0.576159349476 0.738506120429 1 0
11 -0.647004950609 1.08324208077 1 0
11 -0.772122300237 1.18534346527 1 0
12 -1.1490013459 -1.85547383672 1 0
12 -1.33202399783 -1.7299875352 1 0
12 -1.3002842199 -1.26606330044 1 0
12 -0.996522830745 -1.10790225109 1 0
12 -1.12419819738 -1.65828947642 1 0
13 -1.14397562807 1.15763094608 1 0
13 -1.01443299072 1.66225262978 1 0
13 -0.997735489726 1.86406122588 1 0
13 -1.03365893026 1.77859479222 1 0
13 -1.1145966434 1.54204134873 1 0
14 -1.76715172999 -1.37821588686 1 0
14 -1.8519074954 -1.14159918626 1 0
14 -1.64376861009 -0.808677351391 1 0
14 -1.56575760496 -1.15666988394 1 0
14 -1.68697620057 -1.50195557587 1 0
15 -1.67179690253 1.01125066243 1 0
15 -1.66684610756 1.23163002036 1 0
15 -1.72039118796 1.64848181628 1 0
15 -1.68524357686 1.39429956588 1 0
15 -1.84617853565 1.04712853644 1 0
16 -1.83644489981 -0.0895451556382 1 0
16 -1.69604162697 0.193700914967 1 0
16 -1.81267019 0.955823401355 1 0
16 -1.79828692055 0.918257390259 1 0
16 -1.87347651375 -0.0252405675042 1 0
2 1.71253261787 0.0792582205566 1 0
2 1.87997730676 -0.0502852246149 1 0
2 1.70443990723 -0.650177629136 1 0
2 1.69720760927 -0.844621247094 1 0
2 1.71358838442 -0.196028546492 1 0
3 1.08850566256 1.87568478021 1 0
3 1.16170139112 1.77368162127 1 0
3 1.20573363042 1.45697809918 1 0
3 1.33780602993 1.69328331965 1 0
3 1.3125854135 1.75966900122 1 0
4 1.46198241218 -1.27430231773 1 0
4 1.63262518764 -1.56969305783 1 0
4 1.72291328068 -1.54005791376 1 0
4 1.8443887433 -1.16681157419 1 0
4 1.72912577455 -1.10605195878 1 0
5 0.28638558184 1.424238769 1 0
5 0.0856249191203 1.82975322041 1 0
5 0.312692982998 1.69182527681 1 0
5 0.744043096015 1.49181396539 1 0
5 0.497524103609 1.42601046143 1 0
6 1.19796059637 -1.72673437759 1 0
6 1.12977579098 -1.34117815985 1 0
6 0.75599953811 -1.27681732422 1 0
6 0.960586895961 -1.6323104858 1 0
6 1.08798584203 -1.84883775581 1 0
7 0.0609633828729 1.58661492237 1 0
7 0.175827530538 1.0156075066 1 0
7 -0.00368770624528 0.496590557557 1 0
7 -0.0284508362869 0.864137602672 1 0
7 0.0132748307547 1.33517614229 1 0
8 -0.0594252481991 -0.543016356949 1 0
8 0.121788250862 -0.911998826504 1 0
8 0.316430792076 -1.15708117066 1 0
8 0.0378064864263 -0.682816537669 1 0
8 -0.246773552557 -0.138694037175 1 0
9 0.400765541599 -1.7313226786 1 0
9 0.948189967484 -1.82669962764 1 0
9 0.315316834821 -1.76034626374 1 0
9 0.0234575176154 -1.88063200732 1 0
9 0.254139268152 -1.67409337376 1 0
