86
1 -0.969428871918 -1.70615532176 1 0
1 -1.03808724689 -1.67475827113 1 0
1 -0.680993268312 -1.53301215434 1 0
1 -0.649500563017 -1.59585113541 1 0
1 -1.06811228249 -1.77204114461 1 0
10 0.11211344319 1.19583032358 1 0
10 0.210736643167 1.42081399218 1 0
10 0.156574225586 1.35170340568 1 0
11 1.54064751571 -0.16828156774 1 0
11 1.39854475134 -0.0715158427612 1 0
11 1.57705275943 -0.124102132012 1 0
12 0.416335891728 1.55137694434 1 0
12 0.239272048461 1.70541875482 1 0
12 0.338215662582 1.65393052211 1 0
13 1.80321586888 -0.147007882784 1 0
13 1.71668694847 -0.0516869418318 1 0
13 1.79521789088 -0.197019367724 1 0
14 0.954529590784 1.63579448103 1 0
14 0.854357224476 1.6494732031 1 0
14 0.922561241001 1.73971907681 1 0
15 1.63355665986 0.6167070781 1 0
15 1.71648452306 0.83786490699 1 0
15 1.73842028602 0.918571795717 1 0
16 1.55009012155 1.42543352359 1 0
16 1.42897322335 1.37556831438 1 0
16 1.39196535069 1.21175209096 1 0
16 1.54607998155 1.24419781277 1 0
16 1.53155270014 1.45818759316 1 0
2 -1.58192439905 -1.25741150871 1 0
2 -1.58255492972 -1.18860155368 1 0
2 -1.39641765877 -1.35803317643 1 0
3 0.165084640653 -1.75147758266 1 0
3 0.317220982145 -1.72169626279 1 0
3 0.495872715453 -1.68479633795 1 0
4 -1.68521659339 -1.01737767625 1 0
4 -1.77637070479 -0.980826051384 1 0
4 -1.6244361924 -0.927477125342 1 0
5 1.12420537501 -1.72388128496 1 0
5 1.18477435188 -1.72905960944 1 0
5 0.771223282587 -1.56639413647 1 0
6 -1.0345071936 -0.743304865871 1 0
6 -1.34219843706 -0.791541933925 1 0
6 -1.27362362466 -0.744990652704 1 0
7 0.649092467173 -1.37141658189 1 0
7 0.483394777347 -1.21114538347 1 0
7 0.648128610932 -1.31388767172 1 0
8 -0.763666070694 -0.487630572395 1 0
8 1.20089314554 -0.337039898016 1 0
8 1.02373721786 0.0394454655001 1 0
8 0.655973012684 0.378680785697 1 0
8 0.370578258086 0.570888617019 1 0
8 0.11903417177 0.693800722303 1 0
8 -0.164771338001 0.764199401768 1 0
8 -0.400490150344 0.384720863365 1 0
8 -0.576500018803 0.166211040529 1 0
8 -0.739344970579 -0.0225165315607 1 0
8 -0.84797643547 -0.184406056475 1 0
8 -0.476378231666 -0.698319827637 1 0
8 -0.86081433198 -0.333434428512 1 0
8 0.220054164687 -0.941459423375 1 0
8 0.790612226367 -1.03074028384 1 0
8 1.24951617845 -1.10119530071 1 0
8 1.49308216682 -1.06930660427 1 0
8 1.58408996483 -1.00849323413 1 0
8 1.51408983035 -0.873749070579 1 0
8 1.36293231929 -0.630720751864 1 0
9 -0.897297510542 1.72158808636 1 0
9 -1.42195125545 0.560211733846 1 0
9 -1.61154644588 0.434405168473 1 0
9 -1.70274088093 0.356870471058 1 0
9 -1.71173048546 0.440363030108 1 0
9 -1.72143340063 0.683147716641 1 0
9 -1.7801132434 0.889881068661 1 0
9 -1.69489233229 1.04423162114 1 0
9 -1.5573717342 1.39352100104 1 0
9 -1.40872715224 1.44103091571 1 0
9 -1.10837862396 1.60578158635 1 0
9 -0.778715727609 1.63325134727 1 0
9 -0.968027080811 1.74535704448 1 0
9 -0.62928563117 1.53993814928 1 0
9 -0.54334282987 1.4478631781 1 0
9 -0.514464050985 1.31361501831 1 0
9 -0.505127722436 1.13959468141 1 0
9 -0.505363056954 0.912357528657 1 0
9 -0.849548483233 0.787975983371 1 0
9 -1.14967755124 0.680952149707 1 0
