86
1 -0.894955763302 -2.0 1 0
1 -0.963004834633 -1.82462103289 1 0
1 -0.802092404581 -1.60610194065 1 0
1 -0.810013998387 -1.84077399824 1 0
1 -0.989935369715 -1.98975747893 1 0
10 0.0609691020881 1.15196759291 1 0
10 0.244491974353 1.2982671001 1 0
10 0.144255897505 1.24130095419 1 0
11 1.17497295688 0.751145121978 1 0
11 1.03205095934 0.73364432167 1 0
11 1.25640595958 0.810537599847 1 0
12 0.579344081336 1.53031608816 1 0
12 0.56676744475 1.69209382485 1 0
12 0.599295147762 1.66810570279 1 0
13 1.80137628941 0.966739759838 1 0
13 1.60033649827 0.985059624467 1 0
13 1.80794137952 0.930679052712 1 0
14 1.19358187566 1.71707118765 1 0
14 0.97304875943 1.68424855985 1 0
14 1.08859947834 1.75544441777 1 0
15 1.79486150722 1.25951345252 1 0
15 1.89252847297 1.34464514467 1 0
15 1.79508353448 1.41759470546 1 0
16 2.0 1.95314556563 1 0
16 1.75727733376 1.88458823034 1 0
16 1.57122636575 1.66574911474 1 0
16 1.83610304977 1.82074780194 1 0
16 1.94114725078 2.0 1 0
2 -1.22595506049 -1.38651081587 1 0
2 -1.19721895804 -1.28504029459 1 0
2 -1.12102599632 -1.43567543256 1 0
3 -0.345020457524 -1.44309262049 1 0
3 -0.26101874123 -1.5706777702 1 0
3 -0.203941853733 -1.56861663621 1 0
4 -1.19775149941 -1.04067797388 1 0
4 -1.24315284626 -0.961493892447 1 0
4 -1.14169266113 -0.875409642752 1 0
5 0.0963779550597 -1.2318915791 1 0
5 0.150356668108 -1.22368124295 1 0
5 -0.0518764812565 -1.14352229419 1 0
6 -0.772856958583 -0.527472896738 1 0
6 -0.947824689498 -0.658679950572 1 0
6 -0.899938061171 -0.586629699009 1 0
7 -0.0352332761119 -0.861126693084 1 0
7 -0.0745369862053 -0.697837839811 1 0
7 -0.0179125626907 -0.785808441981 1 0
8 -0.595252162283 -0.179635047766 1 0
8 0.694966025756 0.420776955212 1 0
8 0.677032883326 0.635668265593 1 0
8 0.445210503392 0.756521507942 1 0
8 0.234671404257 0.821432604658 1 0
8 0.0292082869081 0.866297731757 1 0
8 -0.216775003287 0.906099430666 1 0
8 -0.374380022269 0.654657738813 1 0
8 -0.474651686068 0.485293752854 1 0
8 -0.558629953586 0.315696942173 1 0
8 -0.613321845123 0.146734336651 1 0
8 -0.481296797668 -0.362068164371 1 0
8 -0.627059847882 -0.0192511886055 1 0
8 -0.152704534213 -0.465548645905 1 0
8 0.1432688915 -0.416252204531 1 0
8 0.377243965678 -0.358914312555 1 0
8 0.529581564853 -0.228644921254 1 0
8 0.633413347107 -0.0779845435406 1 0
8 0.690751272813 0.0842248806639 1 0
8 0.707072994221 0.251449794562 1 0
9 -1.13414832159 1.89006049373 1 0
9 -1.21664308398 1.12230174718 1 0
9 -1.42107577739 1.17582959168 1 0
9 -1.60862457052 1.2485451705 1 0
9 -1.77042225162 1.34417604628 1 0
9 -1.89648213358 1.46453065627 1 0
9 -1.97657041744 1.60800168983 1 0
9 -2.0 1.76923248306 1 0
9 -1.95137222311 1.93868323782 1 0
9 -1.73376971307 1.99535439018 1 0
9 -1.51638971083 2.0 1 0
9 -0.98309395598 1.78731867102 1 0
9 -1.31351669789 1.96289704471 1 0
9 -0.859668832773 1.6617818577 1 0
9 -0.758332416484 1.52133798895 1 0
9 -0.672119888143 1.37359247874 1 0
9 -0.59721750958 1.22544953447 1 0
9 -0.532407497071 1.05705076936 1 0
9 -0.786273184398 1.05968201609 1 0
9 -1.00282404935 1.08417453722 1 0
