27
1 -1.53718277073 -1.35145348935 1 0
1 -1.44411533301 -1.2189123752 1 0
10 0.728712848969 0.718641747145 1 0
11 -0.798650863975 0.787609372139 1 0
12 1.34168638016 1.14831972714 1 0
13 -1.38820441138 1.18730312688 1 0
14 1.21822410672 1.63871222143 1 0
14 1.46751954272 1.39348321885 1 0
15 -1.42916830535 1.44326514441 1 0
16 0.0138073660644 1.74242603008 1 0
16 -1.15566980483 1.64300721199 1 0
2 -0.815282240418 -1.71873370228 1 0
3 -1.68560839785 -0.731821511061 1 0
3 -1.78762695713 0.153624681076 1 0
4 -0.399910024816 -1.63035194219 1 0
5 -1.64924669119 0.296639051141 1 0
6 -0.353433459048 -1.26841309714 1 0
7 -1.13310609359 0.0235393604513 1 0
8 -0.0738278349719 -0.15354085036 1 0
9 1.13235747295 -1.58425886011 1 0
9 0.82070215712 -1.7331260616 1 0
9 0.608374627882 -1.51040121804 1 0
9 0.777486525711 -0.737709305891 1 0
9 1.49511341117 -0.144911516574 1 0
9 1.77249851375 0.0561524754691 1 0
9 1.69824982283 -0.816137079994 1 0
9 1.57622967672 -1.28284335685 1 0
