27
1 -2.0 -2.0 1 0
1 -1.68952801139 -1.72117426414 1 0
10 0.303180096029 0.268588635937 1 0
11 -0.363671639877 0.33366432072 1 0
12 0.472647208566 0.755852119298 1 0
13 -0.513253803504 0.827530285346 1 0
14 0.35460986487 1.69643409154 1 0
14 0.506836593046 1.25108694104 1 0
15 -0.513492891853 1.31565356466 1 0
16 0.0285696547242 2.0 1 0
16 -0.322277777689 1.73689264999 1 0
2 -1.15927844983 -1.74652784537 1 0
3 -1.84333633816 -1.20611686704 1 0
3 -1.62134167524 -0.820816500003 1 0
4 -0.775593862241 -1.50885792596 1 0
5 -1.24431685344 -0.589542284087 1 0
6 -0.45779672922 -1.12536089784 1 0
7 -0.787562633581 -0.500766810815 1 0
8 -0.0675686879686 -0.430468859358 1 0
9 1.59242410178 -2.0 1 0
9 1.1845692651 -1.86784085491 1 0
9 0.888143916356 -1.51411611396 1 0
9 0.699712371096 -0.959976144443 1 0
9 1.2237274639 -0.893530837902 1 0
9 1.63968086099 -1.02539490325 1 0
9 1.93205692939 -1.37110487931 1 0
9 2.0 -1.84799606207 1 0
