172
1 1.46028780909 -1.52114822595 1 0
1 1.37678454851 -1.47347731671 1 0
1 1.55309283499 -1.56998727311 1 0
1 1.50301009514 -1.46812531376 1 0
1 1.47582633773 -1.36800131434 1 0
1 1.43950666492 -1.3016239571 1 0
1 1.37601181377 -1.26475942806 1 0
1 1.26081048752 -1.23864419435 1 0
1 1.29674492214 -1.33533864582 1 0
1 1.32917025376 -1.40974331798 1 0
10 1.10534646211 0.492421360167 1 0
10 1.21693160393 0.569106262713 1 0
10 1.3363007283 0.635357070944 1 0
10 1.40539365503 0.545839841416 1 0
10 1.33348479632 0.505304574403 1 0
10 1.22166587979 0.485817028068 1 0
11 0.33987349093 1.24794727528 1 0
11 0.23018704614 1.29787205274 1 0
11 0.304146407049 1.15707673215 1 0
11 0.395911186482 0.992401986348 1 0
11 0.490439123972 0.868479223494 1 0
11 0.435802072885 1.05441511071 1 0
12 1.75853623485 1.07380516232 1 0
12 1.66182581231 1.01438259102 1 0
12 1.54759308279 0.883796595889 1 0
12 1.44682424353 0.760727232205 1 0
12 1.52567930554 0.922596883276 1 0
12 1.63240680845 1.02896417035 1 0
13 0.18934652275 1.48079241329 1 0
13 -0.0705379467461 1.68472575339 1 0
13 -0.243600239202 1.81826282655 1 0
13 -0.416790143981 1.82247067666 1 0
13 -0.298392729952 1.814020904 1 0
13 -0.135192037052 1.72197084065 1 0
14 1.72059725039 1.11203688801 1 0
14 1.62364734519 1.22211900845 1 0
14 1.52202941992 1.41920917325 1 0
14 1.44955020481 1.56353739741 1 0
14 1.48859897274 1.44399158444 1 0
14 1.57258104603 1.26777689589 1 0
15 0.361583636586 1.59370240994 1 0
15 0.435071371575 1.63364746135 1 0
15 0.101492428217 1.73747521943 1 0
15 0.00331736231155 1.76976606517 1 0
15 0.0305108995517 1.71868074832 1 0
15 0.251396800679 1.56798009404 1 0
16 1.22381362596 1.63892638492 1 0
16 1.32745210418 1.66053886391 1 0
16 1.00911770796 1.71512595045 1 0
16 0.891749634634 1.71991589668 1 0
16 0.678428182798 1.67211500593 1 0
16 0.60925374862 1.69687319463 1 0
16 0.71397018783 1.72482205769 1 0
16 0.919460911672 1.81187169 1 0
16 0.988266946839 1.81973773146 1 0
16 1.25802559312 1.68201530711 1 0
2 0.956907398039 -1.61328243713 1 0
2 0.967175168377 -1.47020908642 1 0
2 0.787025682805 -1.57857173893 1 0
2 0.845331421254 -1.70402409457 1 0
2 0.918711824675 -1.78628081452 1 0
2 0.941525104059 -1.74322538855 1 0
3 1.71762280053 -0.965953204179 1 0
3 1.74996170882 -0.951071262193 1 0
3 1.60567927625 -0.782268871515 1 0
3 1.69927477505 -0.922937120093 1 0
3 1.66610267893 -0.953148917293 1 0
3 1.54891048942 -1.01174562 1 0
4 0.566235651731 -1.63781059484 1 0
4 0.562107828997 -1.56929457433 1 0
4 0.295430529261 -1.54781533046 1 0
4 0.209325196079 -1.63545904928 1 0
4 0.237398593206 -1.66330522766 1 0
4 0.498302793286 -1.64935925274 1 0
5 1.58519713105 -0.393923999437 1 0
5 1.63451523021 -0.258646632767 1 0
5 1.7769853551 -0.0317550813635 1 0
5 1.73241641313 -0.0414163050893 1 0
5 1.59079659269 -0.126667699227 1 0
5 1.53203927035 -0.412871086172 1 0
6 -0.207926042577 -1.81642809245 1 0
6 -0.196732727341 -1.79459864707 1 0
6 -0.122895522222 -1.72139235967 1 0
6 0.0650047959405 -1.53963191224 1 0
6 -0.0809977721091 -1.7005278229 1 0
6 -0.160060193245 -1.79813553511 1 0
7 1.31263829432 0.131460756995 1 0
7 1.4775396299 0.0461897636305 1 0
7 1.56904783669 -0.0232103273507 1 0
7 1.43521321642 0.0321041138712 1 0
7 1.27624857897 0.120710206816 1 0
7 1.09388056263 0.256252191287 1 0
8 0.910576884466 0.0882245128231 1 0
8 0.157586777531 -1.23293876918 1 0
8 0.00930811296225 -1.40355463013 1 0
8 -0.195577256038 -1.49553018286 1 0
8 -0.350547587813 -1.55758216533 1 0
8 -0.509028700448 -1.60578497842 1 0
8 -0.664322338902 -1.65105267469 1 0
8 -0.764920964836 -1.67180062401 1 0
8 -0.788937297429 -1.63355237106 1 0
8 -0.765345428261 -1.52391028006 1 0
8 -0.72254856792 -1.33884312933 1 0
8 0.904978607769 -0.0444421434389 1 0
8 -0.681947321803 -1.0950322452 1 0
8 -0.658392698343 -0.828518429329 1 0
8 -0.653518222084 -0.555140101758 1 0
8 -0.674881311408 -0.217762594057 1 0
8 -0.623858889427 0.0767877153716 1 0
8 -0.593480430419 0.301196163893 1 0
8 -0.567802492126 0.507628116438 1 0
8 -0.537054477243 0.678566830258 1 0
8 -0.493282973002 0.803896991238 1 0
8 -0.432844800621 0.884731040637 1 0
8 0.86039122538 -0.183726566013 1 0
8 -0.350988437135 0.921540031126 1 0
8 -0.24591477152 0.919580078316 1 0
8 -0.115277908347 0.879308524647 1 0
8 0.0341559290694 0.816893734012 1 0
8 0.193204907906 0.752662411686 1 0
8 0.358005983553 0.6945973751 1 0
8 0.56238098618 0.644753073985 1 0
8 0.819292170533 0.451398370281 1 0
8 0.945465867603 0.420051729877 1 0
8 0.927782912744 0.312004565369 1 0
8 0.778973197031 -0.326449323149 1 0
8 0.917059677506 0.206078903533 1 0
8 0.690450862708 -0.475244060531 1 0
8 0.595957371295 -0.628269976241 1 0
8 0.494533090492 -0.783103052853 1 0
8 0.386148591139 -0.937519382742 1 0
8 0.273803354977 -1.08832624579 1 0
9 -1.5316480071 1.46231653058 1 0
9 -1.80709330681 0.0324296634697 1 0
9 -1.61723278252 -0.500225132814 1 0
9 -1.72457693937 -1.02922286743 1 0
9 -1.76117272492 -1.14167249223 1 0
9 -1.73039748519 -1.19875562907 1 0
9 -1.67020698061 -1.27650503775 1 0
9 -1.593492387 -1.38330484916 1 0
9 -1.51698830441 -1.49101787459 1 0
9 -1.44209971899 -1.57381368634 1 0
9 -1.36952918692 -1.62847552828 1 0
9 -1.57616562843 1.44202874913 1 0
9 -1.31073000852 -1.65475029387 1 0
9 -1.27598668155 -1.64259416476 1 0
9 -1.25930289644 -1.57945552777 1 0
9 -1.24195350333 -1.46291500505 1 0
9 -1.20903283611 -1.30531999524 1 0
9 -1.1569380232 -1.12392756801 1 0
9 -1.09130066256 -0.931696766176 1 0
9 -1.02070172641 -0.738730933013 1 0
9 -0.950703549362 -0.553247236672 1 0
9 -0.883746564656 -0.379603008645 1 0
9 -1.62076513593 1.39127628166 1 0
9 -0.810525003403 -0.17856235341 1 0
9 -0.893268902507 0.0514235214916 1 0
9 -0.96899356559 0.239671518698 1 0
9 -1.04794837561 0.43430609306 1 0
9 -1.12827077413 0.634470498114 1 0
9 -1.20867739643 0.835161100627 1 0
9 -1.28558440158 1.02501799511 1 0
9 -1.35179247007 1.18914088499 1 0
9 -1.40347115549 1.31670785658 1 0
9 -1.44610578305 1.40354463612 1 0
9 -1.66709530963 1.31330795821 1 0
9 -1.48782831053 1.45066433167 1 0
9 -1.71128562323 1.2165559863 1 0
9 -1.71783148858 1.09260069029 1 0
9 -1.65309889582 0.82607986653 1 0
9 -1.65903417275 0.451721318481 1 0
9 -1.77089783058 0.136788230205 1 0
