172
1 1.91570730253 -1.9285965062 1 0
1 1.84050996595 -1.84367351367 1 0
1 2.0 -1.9665199234 1 0
1 1.97521451857 -1.85477761446 1 0
1 1.9127041826 -1.75367461947 1 0
1 1.83017604571 -1.66381408131 1 0
1 1.73720305116 -1.58207407458 1 0
1 1.61370118517 -1.48872814131 1 0
1 1.69860307161 -1.62715569068 1 0
1 1.77001700529 -1.73815641714 1 0
10 1.36351441267 0.295400181539 1 0
10 1.46953319987 0.395740491732 1 0
10 1.59522835951 0.483822514202 1 0
10 1.65163598654 0.435180155394 1 0
10 1.55804230853 0.373003828718 1 0
10 1.45178866792 0.318321901424 1 0
11 1.0449806403 0.854397900416 1 0
11 0.990349935596 0.867805486089 1 0
11 0.981482433635 0.742337965689 1 0
11 0.987653537396 0.607598284093 1 0
11 1.0174997061 0.516395109179 1 0
11 1.03666574732 0.680659635031 1 0
12 1.93784193199 0.944117646948 1 0
12 1.90793543843 0.789720783844 1 0
12 1.8403544835 0.679467159056 1 0
12 1.73300161415 0.595485921769 1 0
12 1.79928084942 0.720049241196 1 0
12 1.86634395383 0.827634025695 1 0
13 1.06362406055 1.08686953356 1 0
13 0.996789879893 1.21941700275 1 0
13 0.92996505544 1.34881146095 1 0
13 0.871809482337 1.45987762164 1 0
13 0.894293315452 1.34385651904 1 0
13 0.958712349162 1.22128641136 1 0
14 1.97304834229 1.13265279544 1 0
14 2.0 1.27434115952 1 0
14 1.97939521257 1.42024038283 1 0
14 1.91335589663 1.56846055761 1 0
14 1.94258479218 1.43414080037 1 0
14 1.96119276993 1.29164049318 1 0
15 1.2527155664 1.39388858619 1 0
15 1.31804241222 1.53227565391 1 0
15 1.2386326007 1.63250353605 1 0
15 1.17376827817 1.54366230378 1 0
15 1.13834163765 1.42274170965 1 0
15 1.1684194357 1.27558886013 1 0
16 1.77805046925 1.69835116529 1 0
16 1.80753715146 1.85229635995 1 0
16 1.65635275252 1.70921874556 1 0
16 1.5525860367 1.68393872421 1 0
16 1.43139312119 1.65310734348 1 0
16 1.42389886951 1.81749595749 1 0
16 1.46339449203 1.92621153969 1 0
16 1.55936321084 1.97881281342 1 0
16 1.66891140801 2.0 1 0
16 1.77467100774 1.9637540647 1 0
2 1.47484367554 -1.7672209133 1 0
2 1.4432291368 -1.62065203678 1 0
2 1.29392765487 -1.70459226246 1 0
2 1.32124230024 -1.8658660287 1 0
2 1.37241734615 -1.9577346755 1 0
2 1.46608539598 -1.89615306565 1 0
3 1.80551064613 -1.14736592457 1 0
3 1.84518465361 -1.01068782013 1 0
3 1.81520948478 -0.857339100347 1 0
3 1.81080722505 -1.00972425599 1 0
3 1.77167197147 -1.14401524147 1 0
3 1.72316968944 -1.28276475745 1 0
4 1.13388380018 -1.89411222156 1 0
4 1.14425178182 -1.72065680604 1 0
4 1.00606505973 -1.64013761188 1 0
4 0.992571963379 -1.80246721594 1 0
4 1.00750034222 -1.93767548939 1 0
4 1.09552367566 -2.0 1 0
5 1.91969561259 -0.656776105179 1 0
5 1.99581333658 -0.613706592212 1 0
5 1.95003634297 -0.490101584924 1 0
5 1.84972310587 -0.454778869588 1 0
5 1.72172644887 -0.465520714431 1 0
5 1.78468568806 -0.657964014397 1 0
6 0.743608169168 -1.92823454677 1 0
6 0.747578862843 -1.80146289701 1 0
6 0.784904109945 -1.66165207734 1 0
6 0.852101729429 -1.50501840383 1 0
6 0.815002222415 -1.6590259867 1 0
6 0.77879084645 -1.80747865094 1 0
7 1.43759391773 -0.0546008699569 1 0
7 1.53812151356 -0.160977342229 1 0
7 1.62033021969 -0.294470013443 1 0
7 1.51343693686 -0.181551279897 1 0
7 1.41390154777 -0.0720095448644 1 0
7 1.31077579627 0.0544988139078 1 0
8 1.17767147845 -0.128282832325 1 0
8 0.79523364317 -1.18261867188 1 0
8 0.743144116152 -1.30501881818 1 0
8 0.607569763897 -1.31464040271 1 0
8 0.502081889159 -1.32266203921 1 0
8 0.398721508606 -1.32304295112 1 0
8 0.29761316 -1.30944596478 1 0
8 0.203931322278 -1.2632825171 1 0
8 0.121770794006 -1.18453270485 1 0
8 0.0524363275525 -1.08388124535 1 0
8 -0.00213411610873 -0.963219773986 1 0
8 1.17215690757 -0.251796889401 1 0
8 -0.0420683195984 -0.827382424717 1 0
8 -0.0751945433435 -0.686926931447 1 0
8 -0.105528135669 -0.546046759708 1 0
8 -0.144715724854 -0.375301107415 1 0
8 -0.0799483236402 -0.224520707488 1 0
8 -0.026959428345 -0.104979393264 1 0
8 0.0302792527848 0.00938655487256 1 0
8 0.0965938229097 0.110727801089 1 0
8 0.17310411321 0.194917426071 1 0
8 0.257796727859 0.262283117707 1 0
8 1.14576598542 -0.37648393673 1 0
8 0.349838364361 0.311690119794 1 0
8 0.448017841029 0.343257034568 1 0
8 0.55180111003 0.35350158541 1 0
8 0.6590296275 0.348189033858 1 0
8 0.767886967263 0.33825660002 1 0
8 0.877790663975 0.328892737619 1 0
8 1.0136522514 0.329524263036 1 0
8 1.15550838415 0.201402877871 1 0
8 1.23634314782 0.193132893156 1 0
8 1.20796999764 0.086485359511 1 0
8 1.09687439848 -0.496719263859 1 0
8 1.18930841575 -0.0161747276438 1 0
8 1.04560021504 -0.61675302588 1 0
8 0.99373927484 -0.736179643908 1 0
8 0.941514478315 -0.853531578944 1 0
8 0.88958029168 -0.967703837824 1 0
8 0.840675583112 -1.07777831955 1 0
9 -1.28835075139 0.2545101282 1 0
9 -2.0 -0.382651172438 1 0
9 -1.94909873403 -0.50542804661 1 0
9 -1.88365028921 -0.613348778935 1 0
9 -1.80822887194 -0.708131636353 1 0
9 -1.72530955814 -0.789988952385 1 0
9 -1.63667641054 -0.858701870827 1 0
9 -1.54379778289 -0.913830283811 1 0
9 -1.44798735906 -0.95477741835 1 0
9 -1.3504961584 -0.980843609355 1 0
9 -1.25256409045 -0.991335932729 1 0
9 -1.38604004956 0.241189729156 1 0
9 -1.15541542694 -0.985795060754 1 0
9 -1.06016003205 -0.964343989671 1 0
9 -0.967603113346 -0.927996295241 1 0
9 -0.878079010662 -0.878660336275 1 0
9 -0.791448670101 -0.818812797344 1 0
9 -0.707256067473 -0.751112432378 1 0
9 -0.62493943382 -0.678161421136 1 0
9 -0.544042858727 -0.60239782903 1 0
9 -0.464470869142 -0.525981839433 1 0
9 -0.387025934965 -0.450375512285 1 0
9 -1.48234421813 0.21239840653 1 0
9 -0.3000379872 -0.35736151705 1 0
9 -0.391179712108 -0.253759587459 1 0
9 -0.471343832596 -0.174571889789 1 0
9 -0.553994171242 -0.0979346767283 1 0
9 -0.638601158369 -0.0246409310638 1 0
9 -0.725162525771 0.0439254109794 1 0
9 -0.813830183779 0.106094346686 1 0
9 -0.904763131319 0.159984364457 1 0
9 -0.998012143957 0.203582000986 1 0
9 -1.09340449354 0.234904518873 1 0
9 -1.57604142867 0.168583643721 1 0
9 -1.19045431337 0.252259406746 1 0
9 -1.66588113693 0.110334797131 1 0
9 -1.75054503423 0.0382457575396 1 0
9 -1.82856186398 -0.0471695150215 1 0
9 -1.89814851543 -0.145557817759 1 0
9 -1.95683092664 -0.256928717636 1 0
