14
1 1.27262997133 0.974009540438 1 0
10 -1.26973928206 -1.64789225484 1 0
11 -1.78163229049 -0.72186624385 1 0
12 -1.79602538641 0.780723095486 1 0
13 -0.236092505791 -1.73787217906 1 0
14 1.13579549848 -1.72356354592 1 0
2 1.25425348736 -0.940379895576 1 0
3 1.26973928153 1.64789225501 1 0
4 1.78163229016 0.721866245848 1 0
5 1.7960253869 -0.780723097428 1 0
6 0.236092510902 1.73787217913 1 0
7 -1.13579549854 1.72356354586 1 0
8 -1.27262996671 -0.974009543419 1 0
9 -1.25425350424 0.940379885996 1 0
