22
1 -1.82547343562 -1.00265962104 1 0
1 -0.0669561378807 -1.22168246226 1 0
1 0.152824626189 -1.86169840293 1 0
1 -0.972069783271 -1.84449928448 1 0
1 -1.67575437811 -1.62547782458 1 0
10 1.86254006012 -0.0155726924344 1 0
11 1.56139833132 0.750755634432 1 0
12 -0.361671543402 1.00097527445 1 0
13 1.81151988368 -1.17062146463 1 0
14 1.01430596619 -0.0857571568947 1 0
2 1.35498537692 -1.77826818543 1 0
3 -1.85062220917 0.10323569054 1 0
4 -1.24723569431 -0.405074869633 1 0
5 0.818385254268 -1.08525156173 1 0
6 -1.8264871146 1.26485628994 1 0
7 -0.714273161203 0.268639050144 1 0
8 1.10813832098 1.29974978179 1 0
8 -0.00138133591337 1.87200269991 1 0
8 -0.309651038334 1.73957101607 1 0
8 1.21502245967 1.85102393125 1 0
8 1.84883652511 1.19085066593 1 0
9 -1.24169678315 1.83507983698 1 0
