22
1 -1.77954622798 -0.998194577951 1 0
1 -0.575504857392 -0.865398448574 1 0
1 -0.723288246335 -1.8415498036 1 0
1 -1.41196215354 -2.0 1 0
1 -2.0 -1.63211609077 1 0
10 2.0 0.440665567328 1 0
11 1.46235971132 0.733111477133 1 0
12 -0.327916242743 0.856264515224 1 0
13 1.94828010868 -0.33872229064 1 0
14 0.767919980866 0.238780121502 1 0
2 1.15740941781 -0.784929605391 1 0
3 -2.0 0.216767369165 1 0
4 -1.35119793447 -0.384297419711 1 0
5 0.354792370158 -0.427301126078 1 0
6 -1.93667973013 0.979990952376 1 0
7 -0.774361683296 0.221372083367 1 0
8 0.84366129488 1.18613249345 1 0
8 0.292400200135 1.92791489382 1 0
8 -0.284952721361 1.97555919361 1 0
8 1.09290147153 2.0 1 0
8 1.80094110804 1.13796522319 1 0
9 -1.17123071262 1.45766162583 1 0
