110
1 1.6044296835 1.62354709248 1 0
1 1.7633811817 1.7510771604 1 0
1 1.69169525384 1.24470446575 1 0
1 1.88430207038 0.978590020857 1 0
1 1.63691266495 1.29240924096 1 0
10 0.130318108269 -1.54497185718 1 0
10 0.176463010724 -0.998174309933 1 0
10 0.268384913399 -1.27178989934 1 0
10 0.335056455626 -1.48046464573 1 0
10 0.0755109696967 -1.83436378335 1 0
11 -1.51635487915 1.53716225197 1 0
11 -1.85640156926 1.08310309699 1 0
11 -1.88191149634 1.09667873761 1 0
11 -1.73682395206 1.63355501818 1 0
11 -1.62279022495 1.69866501597 1 0
12 -1.89393693054 0.00369920791044 1 0
12 -1.78181123762 0.122538165846 1 0
12 -1.63480356048 0.402111981539 1 0
12 -1.56701317151 0.208191076794 1 0
12 -1.78043082674 0.0497718967622 1 0
13 -0.983673330153 1.740306875 1 0
13 -1.06522000904 1.87351732924 1 0
13 -1.10361620002 1.87075337177 1 0
13 -1.31057390227 1.60320649234 1 0
13 -1.20247629029 1.68167557786 1 0
14 -1.33116965351 0.721593486143 1 0
14 -1.31513517135 0.158567745001 1 0
14 -1.37426043291 0.516646433343 1 0
14 -1.44963611611 0.930369125092 1 0
14 -1.39332591512 1.15028581107 1 0
15 -0.0628076035388 1.81243205915 1 0
15 -0.236918918759 1.4347706586 1 0
15 -0.309959108719 1.58980330656 1 0
15 -0.452042982254 1.64756012663 1 0
15 -0.0306258151094 1.88770441273 1 0
16 -1.84570976161 -1.05570759882 1 0
16 -1.53616239055 -1.46327270694 1 0
16 -1.74292721181 -1.73500871882 1 0
16 -1.64800401229 -1.47130931496 1 0
16 -1.83576801154 -1.08128658328 1 0
17 -0.985722174323 -1.88580346899 1 0
17 -1.15506039725 -1.68452427579 1 0
17 -0.987198080641 -1.73986057635 1 0
17 -0.936322416267 -1.60283941642 1 0
17 -0.951336028042 -1.86945885194 1 0
18 -1.69198863054 -0.760407199618 1 0
18 -1.73918739146 -0.939502721292 1 0
18 -1.52556600873 -0.858075438369 1 0
18 -1.58994872272 -0.618920826984 1 0
18 -1.71829517444 -0.181833049508 1 0
19 -1.15145374927 -1.00886890564 1 0
19 -0.958118748098 -1.14280894078 1 0
19 -0.86503231568 -0.597891405834 1 0
19 -1.15064353879 -0.416979632666 1 0
19 -1.25368852695 -0.80171127245 1 0
2 1.10548743883 1.37869688279 1 0
2 1.02540268596 1.86525698258 1 0
2 1.08002272 1.8060292935 1 0
2 1.28830744021 1.64469315024 1 0
2 1.13299561636 1.64328285962 1 0
20 -0.504896814156 -1.3208117581 1 0
20 -0.547907064029 -0.895524670173 1 0
20 -0.537916479038 -0.425096757257 1 0
20 -0.563978465466 -0.761332915836 1 0
20 -0.538028250011 -1.20517832152 1 0
21 -0.0936818674498 1.11784104706 1 0
21 0.0459378581658 1.13882508895 1 0
21 -0.241407650138 0.919686362692 1 0
21 -0.249311879763 0.429618234495 1 0
21 -0.237152031096 -0.0249481765542 1 0
21 0.0310017079905 -0.0750469340483 1 0
21 0.111503714775 -0.444980986422 1 0
21 0.130629160702 -0.101684510748 1 0
21 0.141483957822 0.449655741036 1 0
21 0.155456783619 0.956578883933 1 0
3 1.88585348607 -0.0815364371236 1 0
3 1.7198269519 -0.0308107955756 1 0
3 1.51140510043 0.282381219558 1 0
3 1.63824292925 0.612182239051 1 0
3 1.79519628261 0.0224616758958 1 0
4 1.16502369712 -0.0621606240281 1 0
4 1.29179209743 0.266082226479 1 0
4 1.12845831284 0.547899531729 1 0
4 0.940242510492 0.647666552802 1 0
4 1.02752356913 0.230346867337 1 0
5 0.623093098772 0.541173912119 1 0
5 0.70790716092 0.986644587131 1 0
5 0.594052635439 1.03239117878 1 0
5 0.424030151724 0.727491884846 1 0
5 0.328001883367 0.317247697993 1 0
6 1.86744848221 -1.19076781848 1 0
6 1.75322294432 -1.4518260326 1 0
6 1.71894629055 -1.25483141978 1 0
6 1.87417663134 -1.15522578903 1 0
6 1.78483779304 -1.49682140998 1 0
7 0.963619393421 -1.82437166902 1 0
7 0.737627870854 -1.72217503044 1 0
7 1.04960105296 -1.77599253586 1 0
7 1.33843750526 -1.68081078377 1 0
7 1.06939374116 -1.89636563825 1 0
8 1.0346231024 -1.26440025149 1 0
8 1.38650946218 -0.992555451265 1 0
8 1.60758340646 -0.716510846645 1 0
8 1.52727510328 -1.01922688499 1 0
8 1.25970308042 -1.2403043952 1 0
9 1.09199387729 -1.02549360137 1 0
9 0.741830130497 -1.51520124225 1 0
9 0.681119452729 -1.32520672399 1 0
9 0.945790822117 -0.913162279125 1 0
9 1.12658844503 -0.58178195862 1 0
