110
1 1.77514092345 1.8426442846 1 0
1 1.93759705641 1.84537903226 1 0
1 2.0 1.57707357821 1 0
1 1.85543408246 1.251795891 1 0
1 1.86562844664 1.577802706 1 0
10 0.100452556625 -0.906959302846 1 0
10 0.11970836096 -0.552508078343 1 0
10 0.225523589544 -0.745634783342 1 0
10 0.349726140032 -0.9141919684 1 0
10 0.188328454561 -1.07770006485 1 0
11 -1.12675779517 1.44029286983 1 0
11 -1.42232460935 0.970817844238 1 0
11 -1.52211370795 1.17030223505 1 0
11 -1.38750637114 1.47833294299 1 0
11 -1.20766449286 1.66812406785 1 0
12 -1.71406356942 0.184102535178 1 0
12 -1.75115868405 0.296710878904 1 0
12 -1.50660935632 0.375564894879 1 0
12 -1.36407747406 0.242734781299 1 0
12 -1.58520634579 0.166243221903 1 0
13 -0.536812968484 1.82254950667 1 0
13 -0.586452236704 2.0 1 0
13 -0.737510230812 1.88690994726 1 0
13 -0.937905007463 1.51854749648 1 0
13 -0.827176631465 1.60407415077 1 0
14 -1.0506875844 0.65222779103 1 0
14 -1.10396940032 0.204925402606 1 0
14 -1.1312301358 0.478198321746 1 0
14 -1.1147248127 0.814375723204 1 0
14 -1.03012944481 1.04825065678 1 0
15 -0.0639524301024 1.81421770766 1 0
15 -0.105658554656 1.4406792703 1 0
15 -0.195700562849 1.6482412794 1 0
15 -0.307751979776 1.83809403956 1 0
15 -0.147015359535 1.98782452468 1 0
16 -1.64396691516 -1.24096152149 1 0
16 -1.79070814187 -1.71057869444 1 0
16 -2.0 -1.97077300796 1 0
16 -1.98527800168 -1.76620393851 1 0
16 -1.85420052927 -1.48642215394 1 0
17 -1.52832964526 -2.0 1 0
17 -1.6035832994 -1.85242023777 1 0
17 -1.39320617681 -1.68324269885 1 0
17 -1.19786053062 -1.43164884461 1 0
17 -1.35012731244 -1.82647171328 1 0
18 -1.67100116431 -0.527221458797 1 0
18 -1.56338450835 -0.679812079483 1 0
18 -1.37211970879 -0.666643148929 1 0
18 -1.50198291925 -0.460769762881 1 0
18 -1.61109781938 -0.243224130211 1 0
19 -1.10266308089 -0.808902401174 1 0
19 -0.988948939823 -0.900270254871 1 0
19 -0.793038200744 -0.377351261564 1 0
19 -1.01572312319 -0.261445466558 1 0
19 -1.14569989357 -0.611241527473 1 0
2 1.14250749924 1.4028844411 1 0
2 1.30182286927 1.8022773662 1 0
2 1.47740469623 2.0 1 0
2 1.55434413419 1.8689058027 1 0
2 1.33811810952 1.67136173197 1 0
20 -0.654863558672 -0.929390046968 1 0
20 -0.569378782975 -0.572255794144 1 0
20 -0.487077223087 -0.190047323042 1 0
20 -0.558423112913 -0.465588072832 1 0
20 -0.642505065827 -0.83314819593 1 0
21 0.0126101128542 1.13966777013 1 0
21 0.12942824646 1.16443931723 1 0
21 -0.117732076702 0.956254044358 1 0
21 -0.159234770466 0.536526943129 1 0
21 -0.186298356831 0.163332258817 1 0
21 0.0398329568527 0.144294046293 1 0
21 0.0846810213496 -0.143273413121 1 0
21 0.123525829295 0.129816579435 1 0
21 0.170117792746 0.581703721259 1 0
21 0.211937280531 1.01005324178 1 0
3 1.56929256068 0.190149249343 1 0
3 1.48663129597 0.380837143668 1 0
3 1.39328776653 0.604805070513 1 0
3 1.63691147034 0.825376667633 1 0
3 1.70548196161 0.534767332359 1 0
4 0.995633677379 0.228607502966 1 0
4 1.15191694034 0.536794601016 1 0
4 1.03667530768 0.742474306818 1 0
4 0.873886803256 0.80251752949 1 0
4 0.909021482609 0.468373130551 1 0
5 0.585674386414 0.689531211503 1 0
5 0.687532109255 1.05993606434 1 0
5 0.587910531282 1.09376215946 1 0
5 0.426548372012 0.830595358797 1 0
5 0.319024386642 0.484744872343 1 0
6 1.76260468413 -1.00601459101 1 0
6 1.58777336026 -1.0692903046 1 0
6 1.47031231124 -0.865176832713 1 0
6 1.67460996789 -0.866555515091 1 0
6 1.70827666378 -1.13131011756 1 0
7 0.825060531354 -1.68680949031 1 0
7 0.769828995282 -1.44015585734 1 0
7 0.960741030618 -1.45093680334 1 0
7 1.17477256964 -1.37061087213 1 0
7 1.00543707275 -1.64803199135 1 0
8 0.891915283223 -0.831334935584 1 0
8 1.16335034483 -0.581999572411 1 0
8 1.42522157661 -0.34804068095 1 0
8 1.28596360619 -0.59939476308 1 0
8 1.06399833865 -0.819243989681 1 0
9 0.921768984285 -0.61222748519 1 0
9 0.714074638571 -1.06436761528 1 0
9 0.62293595294 -0.852124569231 1 0
9 0.799287404007 -0.509861389992 1 0
9 0.946627354586 -0.228829155071 1 0
