20
1 -1.4318473869 1.4318340618 1 0
1 0.919301034544 -1.80422364167 1 0
1 1.43184010376 -1.43184221773 1 0
1 1.80422736678 -0.919295761649 1 0
1 1.99999959665 -0.316766947669 1 0
1 2.0 0.316770735561 1 0
1 1.80422389385 0.919302976334 1 0
1 1.43184431607 1.43184095926 1 0
1 0.919296581555 1.80422929464 1 0
1 0.316768702394 2.0 1 0
1 -0.316770386881 1.99999877983 1 0
1 -1.80422179028 0.919300188831 1 0
1 -0.919295781218 1.80422835941 1 0
1 -2.0 0.316765345475 1 0
1 -2.0 -0.316770388835 1 0
1 -1.80422083401 -0.919305761783 1 0
1 -1.43184767124 -1.43183748955 1 0
1 -0.919293798114 -1.80423210741 1 0
1 -0.316768656374 -2.0 1 0
1 0.316769744919 -1.99999999979 1 0
