49
1 -1.10181297582 1.78008547085 1 0
1 -1.11453641832 1.7919055455 1 0
10 -0.589360197503 -1.13116940833 1 0
10 0.49863889621 -1.08341467314 1 0
10 -0.144845628084 -1.17695586799 1 0
11 1.76768002124 0.121319997364 1 0
11 1.73257173646 0.307248973783 1 0
12 1.73154442152 -0.600568914852 1 0
12 1.82013835889 -0.244031868071 1 0
13 1.51989979262 -0.00610323046031 1 0
13 1.49549725271 0.535994756793 1 0
14 1.19949919926 -0.236065752777 1 0
14 1.13447506038 -0.768436399276 1 0
15 0.530827010403 0.632182378917 1 0
15 0.495204844284 0.292292697141 1 0
15 0.539252318607 0.492050998446 1 0
16 -1.7471906733 0.0280530071758 1 0
16 -1.41712088831 0.436083045922 1 0
16 -1.10366780058 0.205647991535 1 0
16 -0.522721190212 -0.0875859579778 1 0
16 -1.37745275663 -0.0063130700899 1 0
17 -1.11538642598 -1.34302664434 1 0
17 -0.939333525102 -1.754442853 1 0
17 -0.991327599471 -1.76862198383 1 0
17 -1.49757848904 -1.54435191752 1 0
17 -1.65192264365 -1.18087310793 1 0
17 -1.70132926966 -1.0866976035 1 0
18 1.74822725583 1.06509810875 1 0
18 1.33867299287 1.47141642023 1 0
18 0.990399224928 1.65778775576 1 0
18 1.18780072084 1.73615049339 1 0
18 1.67701688952 1.28566993073 1 0
2 -1.78638949206 1.13390316881 1 0
2 -1.67529975876 1.24158977429 1 0
3 -1.04177937144 1.71421186352 1 0
3 -0.630489524654 1.63463585687 1 0
4 -1.38019216619 1.37490480752 1 0
4 -1.22374298694 1.08992104261 1 0
5 0.271992667788 1.44309993017 1 0
5 0.0706651077388 1.7519119686 1 0
5 -0.0695317721352 1.63944538273 1 0
6 1.34250092072 -1.65900931699 1 0
6 1.16837813959 -1.67169291414 1 0
7 0.366668588112 -1.76550490056 1 0
7 0.480118132668 -1.67649001215 1 0
8 0.197626489255 -1.1714276874 1 0
8 0.829696102607 -1.38008557741 1 0
9 -0.479737327406 -0.783290145867 1 0
9 0.0459837154148 -1.48973073151 1 0
