49
1 -1.27950497067 1.76127871288 1 0
1 -1.37488540433 2.0 1 0
10 -0.783983118877 -0.912450900416 1 0
10 -0.00618870012374 -0.712558621192 1 0
10 -0.475490589744 -0.862743711822 1 0
11 1.6320135667 0.507035996046 1 0
11 2.0 0.54160605854 1 0
12 1.23552324355 0.0648426808201 1 0
12 1.5541369355 0.210040256092 1 0
13 0.963059384808 0.315558544684 1 0
13 1.00842494058 0.624010192453 1 0
14 0.614456764209 0.0884518969187 1 0
14 0.447682133376 -0.354158330434 1 0
15 0.188106192722 0.62289586886 1 0
15 0.134022873623 0.374625104255 1 0
15 0.183842002017 0.523057282497 1 0
16 -1.41096166071 0.278726740727 1 0
16 -1.27906101988 0.531541045279 1 0
16 -0.989374322046 0.273439973811 1 0
16 -0.608984286193 0.0141057236516 1 0
16 -1.14735160935 0.0791267526081 1 0
17 -1.29197260162 -1.31236762174 1 0
17 -1.40009259433 -1.66654709712 1 0
17 -1.64165124924 -1.90491422369 1 0
17 -2.0 -2.0 1 0
17 -1.96996130671 -1.71501567317 1 0
17 -1.72456624608 -1.47394007963 1 0
18 1.17302701783 1.13160132295 1 0
18 0.983243334229 1.4276972227 1 0
18 0.639914170272 1.53322593628 1 0
18 1.05484642455 1.70729716972 1 0
18 1.30566750341 1.46134671602 1 0
2 -2.0 1.36644466638 1 0
2 -1.67339423057 1.30422405793 1 0
3 -1.06527515978 1.58211973574 1 0
3 -0.727343249126 1.75150213836 1 0
4 -1.33024264714 1.30225901824 1 0
4 -1.15699098673 1.01808222617 1 0
5 0.0573003531299 1.18351680143 1 0
5 -0.138263318352 1.3514734037 1 0
5 -0.41334738359 1.36308056805 1 0
6 0.677527364415 -1.51915375262 1 0
6 0.450954506067 -1.3196631517 1 0
7 0.0840194718698 -1.6237886754 1 0
7 0.0121589592039 -1.35340650488 1 0
8 -0.221557879195 -0.809113196744 1 0
8 0.186475771968 -0.972274389336 1 0
9 -0.647636409131 -0.581476793978 1 0
9 -0.37569373273 -1.08284490007 1 0
