36
4 1.74384156201 1.10201163672 1 0
4 1.60763638461 1.0987273354 1 0
4 0.997924588919 1.80614232354 1 0
4 1.4094790832 1.63774835516 1 0
1 -1.77352965276 1.02409849873 1 0
1 -1.42358060702 1.62299124408 1 0
1 -0.984843199248 1.81327452938 1 0
1 -1.32421190727 1.29525933893 1 0
2 -1.7834779147 -0.985553878582 1 0
2 -1.40184050291 -0.0218315892509 1 0
2 -0.689448681524 1.2399386713 1 0
2 -0.612878540466 1.69488966616 1 0
2 -1.34917998344 0.872076956659 1 0
2 -1.78489595602 -0.162872381971 1 0
3 -0.389964941537 1.3582696558 1 0
3 -0.42307887637 0.724239367538 1 0
4 -1.30122333373 -1.57659348175 1 0
4 -1.62186303525 -1.33719910131 1 0
5 -1.01126304377 -1.81106653356 1 0
5 -0.904649998598 -1.53862245438 1 0
5 -0.414241993485 -0.606670904364 1 0
5 -0.206121290723 -1.76247231207 1 0
6 0.572715709447 -0.342628625716 1 0
6 0.500259866713 0.623179817879 1 0
6 0.121162332206 -0.317338209926 1 0
6 0.236855165644 -1.36249966346 1 0
7 0.427665874213 1.7394951798 1 0
7 0.830171793357 0.998592426581 1 0
8 0.828043889196 -1.65884314944 1 0
8 0.386579515599 -1.66481853105 1 0
9 1.77133125213 -0.0603650131769 1 0
9 1.51703266283 0.210666464027 1 0
9 1.19207688552 -1.1406994002 1 0
9 1.05482031403 -1.80079958862 1 0
9 1.39626724527 -1.61820182413 1 0
9 1.7919584826 -1.03196716608 1 0
